00100100000011000000000000000000
00000000000010010110100000100001
00100100000100100000000000000100
00010001100011010000000000000111    BEQ
01110001100100101001100000000010
00000001010100110111100000100000
10001101111011100000000000000000
00000001011100110111100000100000
10101101111011100000000000000000    SW
00100001100011000000000000000001
00001000000000000000000000000011    JUMP
00100001001110010000000000000001
00100000000101010000000000000001    ADDI
00010010101110010000000000011000    BEQ
00100000000101100000000000000001
00000011001101011011100000100010
00010010110101110000000000010011
01110010110100101001100000000010
00000001011100110111100000100000
10001101111100010000000000000000    LW
00100000000000010000000000000100
00000010011000011001100000100010
00000001011100110111100000100000
10001101111101000000000000000000    LW
00000010100100010000100000101010    SLT
00010100001000000000000000001000
00000000000100010110000000100001
00000000000101001000100000100001
00000000000011001010000000100001
00000001011100110111100000100000
10101101111101000000000000000000    SW
00100010011100110000000000000100
00000001011100110111100000100000
10101101111100010000000000000000
00100010110101100000000000000001    addi
00001000000000000000000000010000
00100010101101010000000000000001
00001000000000000000000000001101